75177.7251892
240132.77301
95707.051487
95957.6046061
22467.5998014
7422.2201309
1895.83087302
775.788608634
611.035308251
412.645087523
477.662620053
538.766036587
1644.5936102
645.964108144
425.792826169
425.204272693
424.985215371
425.277318911
425.114524005
424.278096019
413.553884524
421.186052674
429.367337713
427.905743596
427.890372314
427.888460849
427.888139544
427.888094889
427.89275956
427.932625927
427.889002231
427.888221761
427.888113508
427.888069552
427.888078263
427.888078263
427.888078263
427.888078263
427.888078263
427.888078263
427.888078263
427.888078263
427.888078263
427.888078263
427.888078263
427.888078263
427.888078263
427.888078263
427.888078263
427.888078263
427.888078263
427.888078263
427.888078263
427.892740487
427.932628874
427.889002231
427.888221761
427.888113508
427.888069552
427.888078263
427.888078263
427.888078263
427.888078263
427.888078263
427.888078263
427.892740487
427.932628874
427.889002231
427.888221761
427.888113508
427.888069552
427.888078263
427.888078263
427.888078263
427.892740487
427.932628874
427.893665764
427.932735708
427.889001572
427.888221761
427.888113508
427.888069552
427.888078263
427.888078263
427.888078263
427.888078263
427.888078263
427.888078263
427.888078263
427.888078263
427.888078263
427.888078263
427.888078263
427.888078263
427.888078263
427.888078263
427.888078263
427.888078263
427.888078263
427.888078263
